CACHE type 5 produced by analog 6.0/Unix. Do not modify or delete!
T	0	0	810	638	4	486	400284
D	24275985	24450859
16858	93	6	2	3388
16858	100	4	2	2103
16858	221	1	1	409
16858	235	2	2	1416
16859	106	3	1	1694
16859	170	1	1	706
16859	176	1	1	710
16859	286	1	1	0
16860	8	1	1	706
16860	53	1	1	0
16860	101	1	1	0
16860	115	3	1	1694
16860	130	1	1	710
16860	163	1	1	409
16860	176	1	1	0
16860	210	3	1	1694
16860	225	1	1	0
16860	231	1	1	710
16860	285	1	1	0
16861	37	1	1	710
16861	74	2	2	409
16861	178	1	1	0
16861	184	1	1	710
16861	194	1	1	409
16861	225	1	1	710
16861	240	3	3	1115
16861	249	1	1	0
16861	259	1	1	706
16861	286	1	1	706
16862	48	1	1	413
16862	70	1	1	413
16862	98	4	4	1634
16862	99	4	4	1633
16862	149	1	1	710
16862	184	1	1	413
16862	205	1	1	409
16862	224	1	1	710
16862	263	3	1	1694
16863	81	1	1	706
16863	94	1	1	706
16864	194	1	1	409
16864	206	4	4	2840
16864	207	5	5	3550
16864	256	1	1	413
16864	285	1	1	710
16865	25	1	1	409
16865	112	1	1	408
16865	114	1	1	409
16865	116	1	1	409
16865	119	1	1	408
16865	206	1	1	409
16865	207	1	1	409
16865	265	2	2	824
16865	266	1	1	413
16865	268	1	1	413
16865	269	1	1	412
16865	270	3	3	1237
16866	119	1	1	413
16866	179	1	1	413
16866	231	1	1	710
16866	234	1	1	413
16866	239	2	2	821
16866	257	1	1	413
16866	260	1	1	408
16866	264	1	1	409
16866	267	1	1	412
16866	273	1	1	409
16866	278	2	2	826
16866	282	1	1	409
16866	286	1	1	408
16867	104	1	1	413
16867	142	1	0	1114
16867	149	1	1	413
16867	168	1	1	409
16867	190	1	1	413
16867	213	1	1	409
16867	215	1	1	408
16867	216	1	1	408
16867	220	1	1	412
16867	222	2	1	583
16867	225	1	1	412
16867	228	1	0	1114
16867	251	3	1	1694
16867	268	1	1	409
16868	29	1	1	409
16868	37	1	0	171
16868	48	1	1	413
16868	186	1	1	409
16868	188	3	1	1694
16868	223	1	1	409
16868	258	1	1	710
16868	273	10	10	7100
16869	65	1	1	413
16869	108	1	1	413
16869	140	1	1	413
16869	173	3	1	1698
16869	186	1	1	413
16869	205	1	1	706
16870	59	1	1	409
16870	75	1	1	710
16870	84	1	1	413
16870	98	1	1	409
16870	125	1	1	409
16870	172	1	1	409
16870	178	1	1	409
16871	49	1	1	413
16871	245	1	1	413
16872	4	1	1	413
16872	6	1	1	413
16872	69	1	1	409
16873	16	1	1	409
16873	54	1	1	409
16883	169	3	1	1694
16883	179	3	1	1995
16883	266	4	2	2107
16884	3	1	1	413
16884	142	1	1	710
16884	148	1	1	706
16884	201	3	1	1694
16885	44	3	1	1694
16885	78	3	1	1694
16885	117	1	1	409
16885	167	1	1	413
16885	192	1	1	710
16885	203	1	1	413
16885	245	2	2	1416
16885	249	3	1	1694
16886	71	1	1	409
16886	76	1	1	710
16886	85	3	1	1694
16886	244	1	1	413
16886	283	3	1	1694
16887	175	1	1	413
16887	270	1	1	409
16888	27	3	1	1694
16888	92	1	1	413
16888	156	1	1	706
16888	235	3	1	1694
16888	265	3	1	1694
16889	22	1	1	409
16889	65	1	1	409
16889	79	1	1	409
16889	104	1	1	413
16889	156	1	1	409
16890	20	3	1	1694
16890	61	3	1	1694
16890	100	3	1	1694
16890	223	1	1	413
16890	248	1	1	409
16890	259	1	1	413
16891	76	3	1	1694
16891	152	3	1	1694
16891	241	3	1	1694
16891	244	3	1	1694
16892	190	1	1	710
16892	208	1	1	409
16892	264	3	1	1694
16893	59	2	2	818
16893	65	1	1	409
16893	69	1	1	409
16893	73	1	1	409
16893	77	1	1	409
16893	96	3	1	1694
16893	117	3	1	1694
16893	141	1	1	409
16893	212	3	1	1694
16893	237	1	1	409
16893	280	3	1	1694
16894	0	3	1	1694
16894	6	1	1	409
16894	22	1	1	409
16894	37	3	1	1694
16894	64	1	1	409
16894	125	1	1	409
16894	165	1	1	409
16894	208	1	1	409
16894	244	1	1	409
16894	278	1	1	409
16894	284	3	1	1694
16895	27	1	1	409
16895	52	1	1	409
16895	57	3	1	1694
16895	83	1	1	409
16895	113	1	1	409
16895	152	1	1	409
16895	166	3	1	1694
16895	272	1	1	413
16896	102	1	1	409
16896	126	1	1	409
16896	164	1	1	409
16896	191	3	1	1694
16896	219	1	1	409
16896	221	1	1	413
16896	254	1	1	413
16896	255	1	1	409
16896	256	1	1	412
16896	258	1	1	412
16896	270	1	1	409
16896	280	1	1	413
16897	4	1	1	409
16897	6	1	1	408
16897	7	3	3	1226
16897	29	1	1	409
16897	59	1	1	409
16897	65	1	1	409
16897	89	2	2	817
16897	92	5	3	3106
16897	108	1	1	412
16897	109	1	1	412
16897	111	1	1	412
16897	125	1	1	408
16897	126	2	2	822
16897	132	1	1	409
16897	154	1	1	413
16897	160	1	1	408
16897	172	1	1	409
16897	181	1	1	408
16897	248	3	1	1694
16897	250	3	1	1694
16897	268	1	1	409
16898	28	2	2	409
16898	47	3	1	1694
16898	64	1	1	409
16898	105	1	1	409
16898	146	1	1	409
16898	220	3	1	1694
16898	276	1	1	409
16899	74	1	1	409
16899	76	3	1	1694
16899	92	1	1	710
16899	127	1	1	409
16899	148	1	1	409
16899	218	1	1	409
16899	226	3	1	1694
16900	164	1	1	710
16901	21	3	1	1694
16901	74	1	1	413
16901	284	10	10	7100
16902	30	3	1	1694
16902	74	3	1	1694
16902	85	3	1	1694
16902	99	1	1	413
16902	180	3	1	1694
16903	113	1	1	409
16904	85	3	1	1694
16905	69	1	1	409
16905	283	1	1	413
16906	23	1	1	409
16906	198	1	1	409
16906	203	1	1	409
16907	23	1	1	413
16908	90	1	1	409
16909	214	2	2	1115
16909	250	1	1	413
16910	231	1	1	409
16911	38	1	1	409
16911	63	1	1	413
16911	241	1	1	413
16911	280	1	1	413
16914	4	1	1	409
16914	62	1	1	413
16915	39	1	1	413
16916	99	1	1	413
16917	259	6	6	2045
16918	20	1	1	409
16918	54	1	1	413
16918	160	1	1	409
16919	58	1	1	409
16919	159	1	1	409
16920	91	1	1	408
16921	8	1	1	277
16921	64	1	1	277
16921	67	1	1	277
16921	124	1	1	413
16921	194	6	2	3388
16922	139	1	1	413
16922	141	1	1	409
16923	190	1	1	710
16923	229	1	1	409
16923	271	1	1	413
16924	22	1	1	409
16924	107	1	1	706
16925	62	1	1	413
16925	85	1	1	706
16925	88	1	1	413
16925	282	1	1	409
16926	134	1	1	413
16927	285	1	1	413
16928	60	1	1	408
16928	223	3	1	1694
16928	244	1	1	413
16929	117	1	1	413
16929	193	1	1	409
16929	257	1	1	413
16929	266	1	1	710
16930	186	10	10	7100
16931	119	1	1	409
16933	93	1	1	710
16933	119	1	1	706
16933	225	1	1	413
16933	275	3	1	1698
16934	226	1	1	413
16935	32	1	1	408
16936	31	1	1	409
16937	229	3	1	1694
16937	256	1	1	409
16938	166	3	1	1694
16938	197	1	1	413
16939	135	1	1	413
16940	119	1	1	413
16940	136	1	1	409
16941	12	1	1	413
16941	167	1	1	409
16941	225	1	1	413
16941	253	2	2	413
16941	261	3	1	1694
16943	30	1	1	706
16943	229	1	1	413
16943	279	1	1	413
16944	66	1	1	409
16944	191	1	1	413
16945	184	1	1	408
16946	93	1	1	409
16946	100	1	1	409
16946	121	1	1	413
16947	23	1	1	413
16947	73	1	1	413
16947	100	1	1	409
16947	148	1	1	413
16948	43	1	1	409
16948	83	1	1	409
16948	105	2	2	1412
16949	72	1	1	408
16949	78	1	1	413
16949	100	1	1	409
16949	153	1	1	413
16949	164	1	1	409
16949	236	1	1	409
16949	275	1	1	408
16950	2	1	1	413
16950	118	1	1	409
16950	223	1	1	409
16951	81	1	1	409
16951	134	1	1	409
16951	224	1	1	413
16951	249	1	1	409
16952	204	1	1	408
16953	76	1	1	413
16953	228	1	1	413
16953	229	3	1	1694
16954	250	1	1	409
16955	4	2	2	1115
16955	89	1	1	413
16955	194	1	1	409
16955	243	1	1	409
16956	23	2	2	1412
16956	30	1	1	409
16956	98	1	1	413
16956	212	1	1	413
16956	242	1	1	409
16957	98	1	1	413
16957	106	1	1	706
16957	162	1	1	409
16958	71	1	1	409
16958	242	1	1	413
16958	260	1	1	409
16958	279	1	1	413
16959	70	1	1	409
16959	93	1	1	413
16959	150	1	1	413
16959	207	3	1	409
16959	264	1	1	710
16959	267	1	1	413
16959	278	1	1	413
16959	286	1	1	413
16960	9	1	1	413
16960	46	1	1	413
16960	90	1	1	413
16960	115	2	2	1119
16960	203	1	1	413
16960	221	1	1	413
16960	235	1	1	413
16960	264	10	10	7100
16960	275	1	1	413
16961	21	1	1	413
16961	46	1	1	409
16961	159	1	1	706
16961	167	1	1	409
16961	212	1	1	409
16961	247	1	1	413
16962	52	1	1	413
16962	108	1	1	413
16962	136	1	1	413
16962	166	1	1	413
16962	199	1	1	409
16962	201	1	1	413
16962	218	3	1	1694
16962	235	1	1	408
16962	256	1	1	413
16962	281	1	1	413
16963	38	1	1	412
16963	42	1	1	409
16963	50	1	1	413
16963	80	1	1	413
16963	102	1	1	706
16963	121	1	1	413
16963	152	1	1	413
16963	196	1	1	413
16963	219	1	1	413
16963	267	1	1	413
16964	38	1	1	413
16964	63	1	1	413
16964	86	1	1	413
16964	102	1	1	413
16964	110	1	1	413
16964	128	1	1	413
16964	232	1	1	413
16964	267	1	1	413
16965	5	1	1	413
16965	145	1	1	413
16965	202	1	1	413
16965	236	1	1	413
16966	60	1	1	413
16966	82	1	1	413
16966	196	1	1	409
16966	202	1	1	706
16967	147	1	1	409
16967	209	1	1	413
16967	234	1	1	413
16967	244	1	1	409
16967	266	1	1	409
16967	268	1	1	409
16968	7	1	1	409
16968	61	1	1	409
16968	182	1	1	706
16968	184	1	1	409
16968	190	1	1	409
16968	213	1	1	413
16968	226	1	1	413
16969	139	1	1	409
16969	142	1	1	409
16969	187	1	1	409
16969	238	1	1	409
16969	239	4	4	1634
16970	58	1	1	413
16970	62	1	1	408
16970	96	1	1	413
16970	132	1	1	706
16970	141	1	1	706
16970	143	1	1	413
16970	213	1	1	413
16970	249	1	1	412
16970	250	1	1	409
16970	253	1	1	706
16971	19	1	1	413
16971	51	1	1	706
16971	81	1	1	413
16971	140	1	1	413
16971	170	1	1	409
16971	188	1	1	409
16971	192	1	1	413
16971	215	1	1	413
16971	231	1	1	413
16971	251	1	1	413
16972	5	1	1	413
16972	124	1	1	409
16972	138	1	1	413
16972	186	1	1	413
16972	233	1	1	413
16972	278	1	1	413
16973	59	1	1	413
16973	97	1	1	413
16973	115	1	1	413
16973	126	1	1	409
16973	161	3	1	1694
16973	162	1	1	409
16973	202	1	1	409
16973	251	3	1	1694
16973	264	1	1	413
16974	4	1	1	409
16974	19	1	1	413
16974	201	1	1	706
16975	62	1	1	409
16975	254	1	1	413
16976	21	2	2	826
16976	73	1	1	706
16976	147	1	1	706
16976	170	1	1	706
16976	232	1	1	413
16976	240	3	1	1694
16976	276	1	1	413
16977	11	1	1	413
16977	40	1	1	413
16977	41	1	1	409
16977	59	1	1	413
16977	104	1	1	409
16977	177	3	1	1694
16977	178	7	2	4509
16977	182	1	1	439
16977	187	5	3	1599
16977	188	1	1	721
16977	197	7	2	5851
16977	202	3	1	439
16977	213	8	3	6331
16977	214	16	13	8838
16977	256	1	1	443
16978	41	3	1	1724
16978	42	3	1	438
16978	51	3	1	438
16978	131	1	1	409
16978	173	8	8	5664
16978	186	1	1	706
16978	218	1	1	413
16978	243	3	1	1694
16978	250	1	1	413
16978	256	1	1	413
16979	62	1	1	413
16979	82	3	3	1238
16979	114	1	1	413
16979	163	1	1	409
16979	173	3	1	1694
16979	175	1	1	413
16979	188	1	1	129
16979	189	1	1	229
16979	190	2	2	358
16979	191	1	1	227
16979	193	2	1	133
16979	200	1	0	0
1	0	0	0	1	0	0	24378260	0	0	24378260	0	/forum/CHANGELOG.txt
1	1	1	0	0	24361775	0	0	24361775	0	0	409	/?ma
1	0	0	0	1	0	0	24431027	0	0	24431027	0	/wp-content/themes/u-design/scripts/script.js
1	1	1	0	0	24447952	0	0	24447952	0	0	531	/ppweb/resources/views/employee/
1	2	2	0	0	24282029	0	0	24280732	0	0	710	/?114.120.237.234
1	1	1	0	0	24287637	0	0	24287637	0	0	413	/?198.101.238.203
1	12	12	0	0	24423724	0	0	24281775	0	0	6418	/?SD
1	18	18	0	0	24438047	0	0	24281770	0	0	8739	/?SA
1	0	0	0	1	0	0	24447950	0	0	24447950	0	/ppweb/resources/views/{{ asset('js/bootstrap.min.js') }}
1	0	0	0	4	0	0	24379665	0	0	24278753	0	/admin.php
1	14	14	0	0	24450170	0	0	24281777	0	0	7238	/?DD
1	0	0	0	1	0	0	24289158	0	0	24289158	0	/mobile/?114.120.237.234
1	79	0	0	0	24450629	0	0	24275985	0	0	12483	/_autoindex/icons/blank.png
1	3	3	0	0	24447952	0	0	24447950	0	0	1893	/ppweb/resources/views/
1	20	20	0	0	24450170	0	0	24281772	0	0	9577	/?DA
1	1	1	0	0	24447950	0	0	24447950	0	0	484	/ppweb/resources/views/_alert/
1	0	0	0	168	0	0	24450571	0	0	24280813	0	/robots.txt
1	1	1	0	0	24278905	0	0	24278905	0	0	0	/?91.210.146.231
1	2	0	0	32	24450764	0	24450629	24450728	0	24275985	0	/favicon.ico
1	0	0	0	6	0	0	24292589	0	0	24287643	0	/m/
1	1	1	0	0	24277491	0	0	24277491	0	0	409	/?39.250.222.124
1	0	0	0	1	0	0	24427991	0	0	24427991	0	/administrator/?82.166.219.211
1	11	11	0	0	24439183	0	0	24320488	0	0	5093	/?author=1
1	3	3	0	0	24447952	0	0	24447949	0	0	1440	/ppweb/resources/
1	0	0	0	1	0	0	24405516	0	0	24405516	0	/index.php
1	3	0	0	0	24447949	0	0	24447773	0	0	3417	/_autoindex/icons/up.png
1	0	0	0	1	0	0	24283501	0	0	24283501	0	/wp-login.php?114.120.237.234
1	0	0	0	1	0	0	24405516	0	0	24405516	0	/online/index.php
1	0	0	0	1	0	0	24378260	0	0	24378260	0	/drupal/CHANGELOG.txt
1	0	0	0	1	0	0	24363599	0	0	24363599	0	/wp-content/plugins/revslider/js/rev_admin.js?82.166.219.211
1	0	0	0	1	0	0	24405516	0	0	24405516	0	/store/index.php
1	0	0	0	1	0	0	24447950	0	0	24447950	0	/ppweb/resources/views/{{ asset('css/sticky-footer-navbar.css') }}
1	0	0	0	2	0	0	24436891	0	0	24314175	0	/wp-content/plugins/revslider/js/rev_admin.js
1	0	0	0	2	0	0	24379861	0	0	24314133	0	/wp-content/plugins/showbiz/js/showbiz_admin.js
1	18	18	0	0	24436555	0	0	24281772	0	0	8870	/?ND
1	0	0	0	1	0	0	24378260	0	0	24378260	0	/blog/CHANGELOG.txt
1	0	0	0	17	0	0	24434268	0	0	24277701	0	/administrator/
1	0	0	0	24	0	0	24446601	0	0	24293426	0	/robots.txt?82.166.219.211
1	0	0	0	12	0	0	24445267	0	0	24373410	0	/robots.txt?109.194.18.194
1	0	0	0	1	0	0	24447950	0	0	24447950	0	/ppweb/resources/views/{{ asset('js/sweetalert2.min.js') }}
1	0	0	0	9	0	0	24281086	0	0	24278392	0	/blogs/
1	17	17	0	0	24432022	0	0	24281775	0	0	8474	/?NA
1	0	0	0	1	0	0	24378260	0	0	24378260	0	/test/CHANGELOG.txt
1	10	10	0	0	24423724	0	0	24281775	0	0	5602	/?MD
1	0	0	0	1	0	0	24370063	0	0	24370063	0	/cgi-bin/?82.166.219.211
1	0	0	0	1	0	0	24447950	0	0	24447950	0	/ppweb/resources/views/{{ asset('css/sweetalert2.min.css') }}
1	17	17	0	0	24436557	0	0	24281771	0	0	8474	/?MA
1	0	0	0	1	0	0	24447950	0	0	24447950	0	/ppweb/resources/views/{{ asset('js/jquery.min.js') }}
1	1	0	0	0	24447950	0	0	24447950	0	0	1021	/ppweb/resources/views/master.blade.php
1	3	0	0	0	24447949	0	0	24447773	0	0	3591	/_autoindex/icons/html.png
1	0	0	1	0	0	24361776	0	0	24361776	0	0	/cgi-bin
1	0	0	0	1	0	0	24396339	0	0	24396339	0	/wp-admin/install.php
1	0	0	0	1	0	0	24405516	0	0	24405516	0	/shop/index.php
1	0	0	0	1	0	0	24284732	0	0	24284732	0	/admin.php?198.101.238.203
1	0	0	0	13	0	0	24438051	0	0	24279132	0	/administrator/index.php
1	1	1	0	0	24361775	0	0	24361775	0	0	409	/?sa
1	427	427	0	65	24450726	0	24450859	24275985	0	24450703	192057	/
1	0	0	0	1	0	0	24290853	0	0	24290853	0	/robots.txt?198.101.238.203
1	0	0	0	1	0	0	24286160	0	0	24286160	0	/robots.txt?114.120.237.234
1	1	1	0	0	24361775	0	0	24361775	0	0	409	/?da
1	0	0	0	1	0	0	24447950	0	0	24447950	0	/ppweb/resources/views/{{ asset('css/bootstrap-theme.min.css') }}
1	0	0	0	44	0	0	24450649	0	0	24278977	0	/cgi-bin/
1	0	0	0	6	0	0	24296896	0	0	24287643	0	/mobile/
1	0	0	0	2	0	0	24372794	0	0	24314139	0	/wp-content/plugins/gravityforms/js/gravityforms.js
1	0	0	0	9	0	0	24281086	0	0	24278392	0	/blog/
1	1	1	0	0	24447952	0	0	24447952	0	0	483	/ppweb/resources/views/orders/
1	79	0	0	0	24450629	0	0	24275985	0	0	81322	/_autoindex/icons/folder.png
1	0	0	0	9	0	0	24281086	0	0	24278392	0	/wordpress/
1	0	0	0	9	0	0	24281086	0	0	24278392	0	/wp/
1	0	0	0	1	0	0	24378260	0	0	24378260	0	/CHANGELOG.txt
1	3	0	0	0	24447949	0	0	24447773	0	0	3210	/_autoindex/icons/unknown.png
1	0	0	0	1	0	0	24447950	0	0	24447950	0	/ppweb/resources/views/{{ asset('js/common.js') }}
1	0	0	0	1	0	0	24378260	0	0	24378260	0	/site/CHANGELOG.txt
1	0	0	0	1	0	0	24378260	0	0	24378260	0	/shop/CHANGELOG.txt
1	7	7	0	0	24447951	0	0	24447773	0	0	4991	/ppweb/
1	0	0	0	17	0	0	24434268	0	0	24277701	0	/wp-login.php
1	0	0	0	4	0	0	24412404	0	0	24348482	0	/wp-login.php?82.166.219.211
1	0	0	0	1	0	0	24378260	0	0	24378260	0	/store/CHANGELOG.txt
1	0	0	0	1	0	0	24447950	0	0	24447950	0	/categories
1	0	0	3	0	0	24450852	0	0	24447776	0	0	/cpanel
1	0	0	0	1	0	0	24447950	0	0	24447950	0	/ppweb/resources/views/{{ asset('css/bootstrap.min.css') }}
1	1	1	0	0	24361775	0	0	24361775	0	0	409	/?nd
1	38	38	0	0	24449536	0	0	24292061	0	0	16835	/?82.166.219.211
1	10	10	0	0	24448162	0	0	24384895	0	0	3727	/?109.194.18.194
1	1	0	0	0	24447952	0	0	24447952	0	0	372	/ppweb/resources/views/employee/index.blade.php
1	0	0	0	1	0	0	24447952	0	0	24447952	0	/ppweb/resources/views/employee/employee/create
1	1	0	0	0	24447950	0	0	24447950	0	0	251	/ppweb/resources/views/categories/create.blade.php
1	1	1	0	0	24447950	0	0	24447950	0	0	523	/ppweb/resources/views/categories/
3	0	0	0	1	0	0	24447950	0	0	24447950	0	http://adityaanugrah.com/ppweb/resources/views/categories/create.blade.php
3	1	0	0	0	24447950	0	0	24447950	0	0	251	http://adityaanugrah.com/ppweb/resources/views/categories/
3	36	36	0	0	24342188	0	0	24313968	0	0	14724	http://top1-seo-service.com/try.php?u=http://adityaanugrah.com
3	0	0	0	12	0	0	24434268	0	0	24277701	0	http://adityaanugrah.com/administrator/
3	0	0	0	1	0	0	24447952	0	0	24447952	0	http://adityaanugrah.com/ppweb/resources/views/employee/index.blade.php
3	1	1	0	0	24445805	0	0	24445805	0	0	706	http://mlicnak.top/blog/
3	0	0	0	11	0	0	24434268	0	0	24277701	0	http://adityaanugrah.com/wp-login.php
3	1	1	0	0	24281135	0	0	24281135	0	0	706	http://www.bing.com/
3	1	1	0	0	24345631	0	0	24345631	0	0	409	http://pizza-imperia.com/
3	157	7	0	37	24450764	0	24450649	24275985	0	24275985	92356	http://adityaanugrah.com/
3	6	6	0	0	24434871	0	0	24409119	0	0	2454	http://pizza-tycoon.com/
3	0	0	0	8	0	0	24447950	0	0	24447950	0	http://adityaanugrah.com/ppweb/resources/views/master.blade.php
3	1	1	0	0	24366860	0	0	24366860	0	0	413	https://www.google.com/
3	6	6	0	0	24445547	0	0	24330161	0	0	2478	http://whois.domaintools.com/adityaanugrah.com
3	12	3	0	0	24447952	0	0	24447773	0	0	11617	http://adityaanugrah.com/ppweb/
3	1	1	0	0	24277811	0	0	24277811	0	0	706	https://mawords.com/adityaanugrah.com
3	1	1	0	0	24314791	0	0	24314791	0	0	409	http://torrent-to-magnet.com/
3	1	0	0	0	24447952	0	0	24447952	0	0	372	http://adityaanugrah.com/ppweb/resources/views/employee/
3	1	1	0	0	24436070	0	0	24436070	0	0	409	http://hundejo.com/
3	4	0	0	1	24384895	0	24384896	24292227	0	24384896	2570	http://www.adityaanugrah.com/
3	1	1	0	0	24447950	0	0	24447950	0	0	631	http://adityaanugrah.com/ppweb/resources/views/_alert/
3	11	11	0	0	24444310	0	0	24326215	0	0	4499	http://burger-imperia.com/
3	2	2	0	0	24332140	0	0	24327364	0	0	818	http://buttons-for-website.com/
3	3	3	0	0	24447952	0	0	24447950	0	0	1983	http://adityaanugrah.com/ppweb/resources/
3	6	5	0	0	24447952	0	0	24447950	0	0	3522	http://adityaanugrah.com/ppweb/resources/views/
3	2	2	0	0	24436058	0	0	24410112	0	0	818	http://hvd-store.com/
4	0	0	0	9	0	0	24285126	0	0	24280875	0	Opera/9.80 (Windows NT 6.1; U; ru) Presto/2.8.131 Version/11.10
4	54	18	0	0	24342188	0	0	24314622	0	0	30492	Mozilla/5.0 (Windows NT 6.1; WOW64) AppleWebKit/537.36 (KHTML, like Gecko) Chrome/47.0.2526.111 Safari/537.36
4	1	1	0	1	24327394	0	24286635	24327394	0	24286635	409	Mozilla/5.0 (X11; Linux x86_64; rv:28.0) Gecko/20100101  Firefox/28.0
4	0	0	0	1	0	0	24436891	0	0	24436891	0	Mozilla/4.0 (compatible; MSIE 5.5; Windows 98; MRA 4.6 (build 01425))
4	6	2	0	2	24367210	0	24367210	24367210	0	24367210	3388	Mozilla/5.0 (Windows NT 6.1; WOW64; rv:45.0) Gecko/20100101 Firefox/45.0
4	1	1	0	0	24372427	0	0	24372427	0	0	706	Mozilla/5.0 (Windows; U; Windows NT 5.1; ru; rv:1.9.0.1) Gecko/2008070208
4	0	0	0	2	0	0	24279132	0	0	24279132	0	Mozilla/4.0 (compatible; Synapse)
4	42	42	0	8	24423724	0	24423724	24285194	0	24285196	29820	Mozilla/5.0 (X11; Ubuntu; Linux i686; rv:14.0; ips-agent) Gecko/20100101 Firefox/14.0.1
4	3	1	0	1	24282595	0	24282595	24282595	0	24282595	1694	Mozilla/5.0 (Windows NT 6.3; Win64; x64) AppleWebKit/537.36 (KHTML, like Gecko) Chrome/48.0.2564.116 Safari/537.36
4	1	1	0	0	24279054	0	0	24279054	0	0	710	Mozilla/5.0 (Macintosh; Intel Mac OS X 10.6; rv:25.0) Gecko/20100101 Firefox/25.0
4	11	11	0	0	24442130	0	0	24282202	0	0	4519	Mozilla/5.0 (Windows NT 6.1; WOW64) AppleWebKit/534.24 (KHTML, like Gecko) Chrome/11.0.696.71 Safari/534.24
4	0	0	0	1	0	0	24396339	0	0	24396339	0	Mozilla/4.0 (compatible; MSIE 6.0; Windows NT 5.0; nxforms/1.00; .NET CLR 1.1.4322)
4	1	1	0	0	24288199	0	0	24288199	0	0	710	Mozilla/5.0 (X11; Ubuntu; Linux x86_64; rv:24.0) Gecko/20100101 Firefox/24.0
4	1	1	0	0	24445805	0	0	24445805	0	0	706	Mozilla/5.0 (Windows NT 6.1; WOW64) AppleWebKit/537.36 (KHTML, like Gecko) Chrome/51.0.2704.84 Safari/537.36
4	1	1	0	0	24366860	0	0	24366860	0	0	413	Mozilla/5.0 (Windows NT 6.1; WOW64; rv:44.0) Gecko/20100101 Firefox/44.0
4	9	3	0	0	24334223	0	0	24321701	0	0	5082	Mozilla/5.0 (Windows NT 6.1; WOW64) AppleWebKit/537.36 (KHTML, like Gecko) Chrome/32.0.1700.107 Safari/537.36
4	1	1	0	1	24281634	0	24281634	24281634	0	24281634	413	Mozilla/4.0 (compatible; http://search.thunderstone.com/texis/websearch/about.html)
4	5	3	0	1	24396346	0	24396309	24396309	0	24396309	2107	semanticbot (info@semanticaudience.com)
4	3	1	0	1	24312851	0	24312851	24312851	0	24312851	1694	Mozilla/5.0 (Windows NT 10.0; WOW64) AppleWebKit/537.36 (KHTML, like Gecko) Chrome/49.0.2623.87 Safari/537.36
4	0	0	0	1	0	0	24450732	0	0	24450732	0	Mozilla/5.0 (Macintosh; Intel Mac OS X 10_11_5) AppleWebKit/537.36 (KHTML, like Gecko) Chrome/51.0.2704.103 Safari/537.36
4	4	2	0	1	24276022	0	24276022	24276022	0	24276022	2103	Mozilla/5.0 (X11; Linux x86_64) AppleWebKit/537.36 (KHTML, like Gecko) Chrome/47.0.2526.106 Safari/537.36
4	120	120	0	139	24445270	0	24450331	24280813	0	24280813	49282	Mozilla/5.0 (compatible; Googlebot/2.1; +http://www.google.com/bot.html)
4	8	8	1	3	24361775	24361776	24361776	24333261	24361776	24333261	2454	semanticbot
4	1	1	0	0	24362020	0	0	24362020	0	0	409	Mojolicious (Perl)
4	3	1	0	1	24441927	0	24441927	24441927	0	24441927	1694	Mozilla/5.0 (Windows NT 6.1) AppleWebKit/537.36 (KHTML, like Gecko) Chrome/46.0.2472.0 Safari/537.36
4	1	1	0	0	24424900	0	0	24424900	0	0	409	Mozilla/5.0 (Macintosh; Intel Mac OS X 10_7_2) AppleWebKit/535.11 (KHTML, like Gecko) Chrome/17.0.963.65 Safari/535.11
4	10	10	0	2	24449187	0	24315627	24315627	0	24315627	7080	Mozilla/5.0 (compatible; TeeRaidBot; +https://teeraid.com/bot/)
4	1	1	0	0	24281135	0	0	24281135	0	0	706	Mozilla/5.0 (compatible; MSIE 8.0; Windows NT 6.1; Trident/4.0; .NET CLR 2.0.50727; .NET CLR 3.5.30729; .NET CLR 3.0.30729; .NET CLR 1.0.3705; .NET CLR 1.1.4322)
4	1	1	0	0	24316221	0	0	24316221	0	0	710	Mozilla/4.0 (compatible; MSIE 6.0; Windows NT 5.1; SV1; .NET CLR 1.0.3705; .NET CLR 1.1.4322)
4	0	0	0	3	0	0	24278753	0	0	24278753	0	Mozilla/5.0 (Windows NT 5.1) AppleWebKit/537.1 (KHTML, like Gecko) Chrome/23.0.1271.6 Safari/537.11
4	1	1	0	0	24295710	0	0	24295710	0	0	413	python-requests/2.7.0 CPython/2.7.6 Windows/2008ServerR2
4	3	1	0	0	24292227	0	0	24292227	0	0	1698	Mozilla/5.0 (iPhone; CPU iPhone OS 9_2_1 like Mac OS X) AppleWebKit/601.1.46 (KHTML, like Gecko) Version/9.0 Mobile/13D15 Safari/601.1
4	1	1	0	0	24315362	0	0	24315362	0	0	710	Mozilla/5.0 (X11; Linux x86_64; rv:2.0.1) Gecko/20100101 Firefox/4.0.1
4	1	1	0	0	24343549	0	0	24343549	0	0	409	Mozilla/5.0 (Macintosh; Intel Mac OS X 10_7_3) AppleWebKit/535.11 (KHTML, like Gecko) Chrome/17.0.963.66 Safari/535.11
4	4	0	0	0	24290108	0	0	24289192	0	0	2570	Googlebot-Image/1.0
4	0	0	0	1	0	0	24314139	0	0	24314139	0	Mozilla/4.0 (compatible; MSIE 6.0; Windows NT 5.1; ru) Opera 8.02
4	1	1	0	0	24370265	0	0	24370265	0	0	409	Mozilla/5.0 (Macintosh; Intel Mac OS X 10_6_2) AppleWebKit/535.1 (KHTML, like Gecko) Chrome/13.0.782.41 Safari/535.1
4	0	0	0	1	0	0	24314175	0	0	24314175	0	Mozilla/4.0 (compatible; MSIE 6.0; Windows NT 5.1; 3301; SV1; URBrowser6r; MyIE2)
4	0	0	0	2	0	0	24279973	0	0	24279973	0	Mozilla/5.0 (Windows NT 6.1; rv:19.0) Gecko/20100101 Firefox/19.0
4	0	0	0	2	0	0	24379861	0	0	24314133	0	Mozilla/4.0 (compatible; MSIE 6.0; Windows NT 5.1; SV1; MRA 4.3 (build 01218); .NET CLR 1.1.4322)
4	3	1	0	0	24279452	0	0	24279452	0	0	1694	Mozilla/5.0 (X11; Linux x86_64) AppleWebKit/538.1 (KHTML, like Gecko) splash Safari/538.1
4	5	5	0	0	24448162	0	0	24352158	0	0	2095	WWW-Mechanize/1.73
4	1	1	0	0	24313674	0	0	24313674	0	0	710	Mozilla/5.0 (Windows; U; Windows NT 6.1; fr; rv:1.9.2) Gecko/20100115 Firefox/3.6
4	1	1	0	0	24278441	0	0	24278441	0	0	706	Mozilla/4.0 (compatible; MSIE 6.0; Windows 98; Win 9x 4.90)
4	4	1	0	7	24450764	0	24450812	24426370	0	24426370	1694	Mozilla/5.0 (Linux; Android 5.1.1; Redmi 3 Build/LMY47V) AppleWebKit/537.36 (KHTML, like Gecko) Chrome/51.0.2704.81 Mobile Safari/537.36
4	3	1	0	1	24312417	0	24312417	24312417	0	24312417	1995	AdnormCrawler www.adnorm.com/crawler
4	54	20	0	0	24339783	0	0	24313968	0	0	30619	Mozilla/5.0 (Windows NT 6.1; WOW64) AppleWebKit/537.36 (KHTML, like Gecko) Chrome/36.0.1985.143 Safari/537.36
4	2	2	0	0	24285586	0	0	24280029	0	0	1420	Mozilla/5.0 (Windows NT 6.1; WOW64) AppleWebKit/537.1 (KHTML, like Gecko) Chrome/21.0.1180.89 Safari/537.1
4	1	1	0	0	24277842	0	0	24277842	0	0	710	Mozilla/5.0 (Windows; U; Windows NT 5.1; fr; rv:1.9.0.1) Gecko/2008070208 Firefox/3.0.1
4	1	1	0	0	24370071	0	0	24370071	0	0	710	Mozilla/5.0 (Windows NT 10.0; Win64; x64; rv:45.0) Gecko/20100101 Firefox/45.0
4	6	2	0	2	24331197	0	24331197	24329634	0	24329634	3388	Mozilla/5.0 (Windows NT 10.0; WOW64) AppleWebKit/537.36 (KHTML, like Gecko) Chrome/49.0.2623.110 Safari/537.36
4	3	1	0	1	24275985	0	24275985	24275985	0	24275985	1694	Mozilla/5.0 (Macintosh; Intel Mac OS X 10_11_3) AppleWebKit/537.36 (KHTML, like Gecko) Chrome/48.0.2564.116 Safari/537.36
4	9	3	0	6	24278977	0	24278977	24275985	0	24275985	5082	Mozilla/5.0 (Linux; Android 4.4.4; 2014817 Build/KTU84P) AppleWebKit/537.36 (KHTML, like Gecko) Chrome/48.0.2564.95 Mobile Safari/537.36
4	3	1	0	1	24377436	0	24377436	24377436	0	24377436	1694	Mozilla/5.0 (Windows NT 10.0; WOW64) AppleWebKit/537.36 (KHTML, like Gecko) Chrome/50.0.2661.94 Safari/537.36
4	1	1	0	0	24281043	0	0	24281043	0	0	0	Mozilla/5.0 (Macintosh; Intel Mac OS X 10.7; rv:14.0) Gecko/20100101 Firefox/14.0.1
4	0	0	0	29	0	0	24332586	0	0	24287936	0	Mozilla/5.0
4	1	1	0	0	24362724	0	0	24362724	0	0	409	Mozilla/5.0 (Windows NT 6.1; WOW64) AppleWebKit/537.36 (KHTML, like Gecko) Chrome/34.0.1847.131 Safari/537.36
4	107	107	0	0	24450639	0	0	24353049	0	0	44115	Mozilla/5.0 (Linux; Android 6.0.1; Nexus 5X Build/MMB29P) AppleWebKit/537.36 (KHTML, like Gecko) Chrome/41.0.2272.96 Mobile Safari/537.36 (compatible; Googlebot/2.1; +http://www.google.com/bot.html)
4	7	7	0	3	24436557	0	24436556	24315237	0	24399694	2865	Mozilla/5.0 (compatible; Yahoo! Slurp; http://help.yahoo.com/help/us/ysearch/slurp)
4	0	0	0	6	0	0	24401928	0	0	24348482	0	Mozilla/5.0 (Windows NT 6.1; rv:31.0) Gecko/20100101 Firefox/31.0
4	0	0	0	23	0	0	24434268	0	0	24277701	0	Mozilla/5.0 (Windows NT 6.1; WOW64) AppleWebKit/537.36 (KHTML, like Gecko) Chrome/31.0.1650.57 Safari/537.36
4	14	14	0	0	24449253	0	0	24371095	0	0	9884	=Mozilla/5.0 (Windows; U; Windows NT 6.1; en-US) AppleWebKit/534.16 (KHTML, like Gecko) Chrome/10.0.648.204 Safari/534.16
4	3	1	0	3	24391553	0	24391553	24391553	0	24391553	1694	Mozilla/5.0 (Windows NT 6.3; Win64; x64; rv:46.0) Gecko/20100101 Firefox/46.0
4	7	7	0	2	24380132	0	24291288	24285192	0	24285192	4970	BlackBerry9000/4.6.0.167 Profile/MIDP-2.0 Configuration/CLDC-1.1 VendorID/102 ips-agent
4	1	1	0	0	24446290	0	0	24446290	0	0	706	GuzzleHttp/6.2.0 curl/7.38.0 PHP/7.0.7
4	4	4	0	0	24437509	0	0	24283129	0	0	2824	Mozilla/5.0 (Windows; U; Windows NT 6.0; en-US; rv:1.9.2.3) Gecko/20100401 Firefox/3.6.3 GTB6 (.NET CLR 3.5.30729)
4	1	1	0	0	24276625	0	0	24276625	0	0	409	Mozilla/5.0 (Macintosh; U; Intel Mac OS X 10.5; en-US; rv:1.9.2.13) Gecko/20101203 Firefox/3.6.13 GTB7.1
4	9	9	0	8	24439183	0	24438051	24320488	0	24320488	3681	Mozilla/5.0 (Windows NT 6.3; WOW64; rv:28.0) Gecko/20100101 Firefox/28.0
4	9	3	0	4	24421996	0	24421996	24390426	0	24390426	3797	Mozilla/5.0 (Windows NT 10.0; WOW64) AppleWebKit/537.36 (KHTML, like Gecko) Chrome/50.0.2661.102 Safari/537.36
4	3	3	0	1	24450170	0	24450170	24450170	0	24450170	1238	Mozilla/5.0 (compatible; aiHitBot/2.9; +https://www.aihitdata.com/about)
4	0	0	0	1	0	0	24372794	0	0	24372794	0	Mozilla/5.0 (compatible; Konqueror/3.0-rc1; i686 Linux; 20020521)
4	28	28	0	31	24447087	0	24447087	24320943	0	24320943	11199	Mozilla/5.0 (compatible; bingbot/2.0; +http://www.bing.com/bingbot.htm)
4	80	41	3	80	24450728	24450852	24450859	24442378	24447776	24442378	41282	Mozilla/5.0 (Windows NT 10.0; WOW64) AppleWebKit/537.36 (KHTML, like Gecko) Chrome/51.0.2704.103 Safari/537.36
4	1	1	0	0	24402709	0	0	24402709	0	0	409	Mozilla/4.0 (compatible; MSIE 7.0; Windows NT 5.1; SV1; .NET CLR 1.1.4322; .NET CLR 2.0.50727)
4	3	3	0	0	24392837	0	0	24344759	0	0	1231	Mozilla/5.0 (Windows NT 6.3; Win64; x64; rv:44.0) Gecko/20100101 Firefox/44.0
4	1	1	0	0	24280212	0	0	24280212	0	0	409	Mozilla/5.0 (Macintosh; Intel Mac OS X 10_11_0) AppleWebKit/537.36 (KHTML, like Gecko) Chrome/46.0.2490.80 Safari/537.36
4	1	1	0	0	24433701	0	0	24433701	0	0	409	Mozilla/5.0 (Windows NT 6.2; WOW64) AppleWebKit/535.11 (KHTML, like Gecko) Chrome/17.0.963.66 Safari/535.11
4	3	1	0	1	24312369	0	24312369	24312369	0	24312369	1694	Mozilla/5.0 (Linux; Android 6.0.1; 2014817 Build/MMB29U) AppleWebKit/537.36 (KHTML, like Gecko) Chrome/49.0.2623.91 Mobile Safari/537.36
4	3	3	0	3	24422284	0	24422284	24336824	0	24336824	2130	Mozilla/4.0 (compatible; MSIE 7.0; Windows NT 5.2)
4	1	1	0	0	24316197	0	0	24316197	0	0	409	python-requests/2.9.1
4	21	21	0	0	24444310	0	0	24326215	0	0	8589	Mozilla/5.0 (X11; Linux x86_64) AppleWebKit/537.36 (KHTML, like Gecko) Chrome/37.0.2062.120 Safari/537.36
4	1	1	0	2	24438066	0	24438066	24438066	0	24438066	706	Mozilla/4.0 (compatible; MSIE 7.0; Windows NT 5.2; Win64; x64; Trident/4.0; .NET CLR 2.0.50727; .NET CLR 3.0.4506.2152; .NET CLR 3.5.30729
4	2	2	0	0	24276696	0	0	24276696	0	0	1416	Mozilla/4.0 (compatible; MSIE 7.0; Windows NT 5.1)
4	1	1	0	0	24450578	0	0	24450578	0	0	409	Mozilla/5.0 (compatible; Baiduspider/2.0; +http://www.baidu.com/search/spider.html)
4	0	0	0	3	0	0	24379665	0	0	24379665	0	Mozilla/5.0 (Windows NT 6.1; WOW64) AppleWebKit/537.1 (KHTML, like Gecko) Chrome/23.0.1271.17 Safari/537.11
4	3	3	0	0	24383986	0	0	24293178	0	0	2130	Mozilla/5.0 (compatible; NetcraftSurveyAgent/1.0; +info@netcraft.com)
4	5	5	0	0	24292386	0	0	24280763	0	0	3542	Mozilla/5.0 (Linux; U; Android 2.2; en-us; Nexus One Build/FRF91) AppleWebKit/533.1 (KHTML, like Gecko) Version/4.0 Mobile Safari/533.1
4	3	3	0	0	24289823	0	0	24286634	0	0	1227	Mozilla/5.0 (compatible; DomainSONOCrawler/0.1; +http://domainsono.com)
4	1	1	0	0	24281271	0	0	24281271	0	0	706	Mozilla/4.0 (compatible; MSIE 6.0; Windows NT 5.1; SV1; .NET CLR 2.0.50727)
4	0	0	0	1	0	0	24363599	0	0	24363599	0	Mozilla/4.0 (compatible; MSIE 5.0; Windows 98; MRA 4.0 (build 00768))
4	6	2	0	4	24290860	0	24290874	24289735	0	24289735	3388	Mozilla/5.0 (Windows NT 10.0; Win64; x64) AppleWebKit/537.36 (KHTML, like Gecko) Chrome/48.0.2564.82 Safari/537.36
4	1	1	0	0	24277811	0	0	24277811	0	0	706	Mozilla/5.0 (Windows NT 5.1; rv:33.0) Gecko/20100101 Firefox/33.0
4	1	1	0	0	24319503	0	0	24319503	0	0	706	Mozilla/5.0 (Windows NT 6.1; WOW64) AppleWebKit/537.36 (KHTML, like Gecko) Chrome/43.0.2357.124 YaBrowser/15.7.2357.2877 Safari/537.36
4	37	37	0	10	24332586	0	24331900	24287936	0	24288450	15189	Mozilla/5.0 (X11; U; Linux x86_64; en-US) AppleWebKit/533.3 (KHTML, like Gecko) Qt/4.7.1 Safari/533.3
4	0	0	0	12	0	0	24405516	0	0	24378260	0	Mozilla/4.0 (compatible; MSIE 6.0; MSIE 5.5; Windows NT 5.1) Opera 7.01 [en]
4	1	1	0	0	24347973	0	0	24347973	0	0	409	Mozilla/4.0 (compatible; MSIE 6.0; Windows NT 5.1; en) Opera 8.50
4	1	1	0	0	24350032	0	0	24350032	0	0	706	Mozilla/5.0 (Windows NT 6.1; WOW64; rv:33.0) Gecko/20100101 Firefox/33.0
4	1	1	0	0	24405535	0	0	24405535	0	0	409	Mozilla/5.0 (Macintosh; Intel Mac OS X 10_6_6) AppleWebKit/534.30 (KHTML, like Gecko) Chrome/12.0.742.112 Safari/534.30
4	1	1	0	0	24279215	0	0	24279215	0	0	409	Mozilla/5.0 (Windows NT 6.3; WOW64) AppleWebKit/537.36 (KHTML, like Gecko) Chrome/34.0.1847.137 Safari/537.36
4	11	11	0	9	24350214	0	24296896	24289323	0	24288931	4511	Mozilla/5.0 (iPhone; CPU iPhone OS 8_3 like Mac OS X) AppleWebKit/600.1.4 (KHTML, like Gecko) Version/8.0 Mobile/12F70 Safari/600.1.4 (compatible; Googlebot/2.1; +http://www.google.com/bot.html)
4	3	1	0	1	24384895	0	24384896	24384895	0	24384896	1698	Mozilla/5.0 (iPhone; CPU iPhone OS 9_3_1 like Mac OS X) AppleWebKit/601.1.46 (KHTML, like Gecko) Version/9.0 Mobile/13E238 Safari/601.1
4	6	6	0	6	24445547	0	24445547	24330161	0	24330161	2478	Mozilla/5.0 (Windows; U; Windows NT 5.1; en; rv:1.9.0.13) Gecko/2009073022 Firefox/3.5.2 (.NET CLR 3.5.30729) SurveyBot/2.3 (DomainTools)
4	0	0	0	2	0	0	24420421	0	0	24420421	0	Mozilla/5.0 (X11; Linux x86_64; rv:43.0) Gecko/20100101 Firefox/43.0 Iceweasel/43.0.4
4	1	1	0	0	24366283	0	0	24366283	0	0	277	Mozilla/5.0 (Windows NT 6.1; WOW64) AppleWebKit/537.36 (KHTML, like Gecko) Chrome/41.0.2272.89 Safari/537.36
4	0	0	0	1	0	0	24431027	0	0	24431027	0	Yandex/1.01.001 (compatible; Win16; I)
4	1	1	0	0	24415224	0	0	24415224	0	0	706	Mozilla/4.0 (compatible; MSIE 8.0; Windows NT 5.1; Trident/4.0)
4	1	1	0	0	24325431	0	0	24325431	0	0	710	Mozilla/5.0 (X11; U; Linux i686; fr; rv:1.9.1.1) Gecko/20090715 Firefox/3.5.1
4	0	0	0	2	0	0	24450571	0	0	24450571	0	Mozilla/5.0 (Windows NT 5.1; rv:6.0.2) Gecko/20100101 Firefox/6.0.2
5	1	1	0	1	24345658	0	24345658	24345658	0	24345658	409	207.46.13.83
5	1	1	0	0	24293178	0	0	24293178	0	0	710	104.131.30.237
5	0	0	0	1	0	0	24450732	0	0	24450732	0	36.80.104.109
5	1	1	0	1	24401723	0	24401723	24401723	0	24401723	408	207.46.13.81
5	1	1	0	1	24386562	0	24386562	24386562	0	24386562	408	207.46.13.169
5	3	1	0	0	24326404	0	0	24326404	0	0	1694	179.199.214.161
5	19	19	0	4	24380133	0	24380132	24285192	0	24285192	13490	69.58.178.59
5	0	0	0	2	0	0	24412846	0	0	24412846	0	188.163.107.175
5	30	30	0	6	24423724	0	24423724	24291287	0	24291286	21300	69.58.178.56
5	0	0	0	1	0	0	24427991	0	0	24427991	0	188.163.107.173
5	1	1	0	1	24438047	0	24438047	24438047	0	24438047	412	207.46.13.65
5	3	1	0	0	24327321	0	0	24327321	0	0	1694	177.32.16.16
5	3	1	0	1	24384895	0	24384896	24384895	0	24384896	1698	39.253.204.6
5	1	1	0	0	24441934	0	0	24441934	0	0	409	46.182.106.190
5	5	5	0	20	24281086	0	24281086	24278392	0	24278392	0	177.129.90.37
5	3	1	0	0	24396346	0	0	24396346	0	0	1694	13.92.246.218
5	3	1	0	1	24312851	0	24312851	24312851	0	24312851	1694	36.73.165.51
5	1	1	0	1	24411903	0	24411903	24411903	0	24411903	408	207.46.13.58
5	0	0	0	1	0	0	24450571	0	0	24450571	0	180.76.15.158
5	3	1	0	0	24322104	0	0	24322104	0	0	1694	201.11.173.189
5	1	1	0	0	24405535	0	0	24405535	0	0	409	88.182.193.46
5	0	0	0	2	0	0	24434268	0	0	24434268	0	188.163.107.156
5	16	16	0	17	24418572	0	24418570	24286929	0	24286925	6605	66.249.64.36
5	0	0	0	2	0	0	24277701	0	0	24277701	0	91.210.146.231
5	1	1	0	0	24439092	0	0	24439092	0	0	409	207.46.13.139
5	0	0	0	2	0	0	24425144	0	0	24425144	0	207.46.13.49
5	0	0	0	1	0	0	24450571	0	0	24450571	0	180.76.15.151
5	13	13	0	14	24404049	0	24413461	24286950	0	24281524	5368	66.249.64.31
5	1	1	0	4	24280732	0	24280732	24280732	0	24280732	0	82.81.163.202
5	1	1	0	1	24431451	0	24431451	24431451	0	24431451	413	207.46.13.135
5	4	4	0	1	24327394	0	24286635	24286634	0	24286635	1636	192.99.150.120
5	20	20	0	12	24413462	0	24437291	24281524	0	24291158	8259	66.249.64.26
5	2	2	0	2	24422354	0	24422354	24399315	0	24399315	826	216.145.11.94
5	0	0	0	1	0	0	24422631	0	0	24422631	0	207.46.13.127
5	4	4	0	0	24292386	0	0	24282029	0	0	2832	218.241.108.158
5	3	1	0	0	24323801	0	0	24323801	0	0	1694	70.120.191.156
5	3	1	0	1	24329634	0	24329634	24329634	0	24329634	1694	139.255.159.76
5	4	4	0	6	24331644	0	24331820	24331512	0	24331512	1650	38.99.82.246
5	1	1	0	0	24383986	0	0	24383986	0	0	710	159.203.66.65
5	1	1	0	0	24280212	0	0	24280212	0	0	409	109.74.202.154
5	3	1	0	0	24326507	0	0	24326507	0	0	1694	187.60.40.10
5	3	3	0	3	24434844	0	24434843	24288409	0	24288510	1227	66.249.66.188
5	2	2	0	3	24441753	0	24426278	24433217	0	24288510	818	66.249.66.185
5	3	1	0	1	24331197	0	24331197	24331197	0	24331197	1694	114.120.238.96
5	1	1	0	0	24395103	0	0	24395103	0	0	413	52.40.64.62
5	3	1	0	0	24335690	0	0	24335690	0	0	1694	187.19.160.102
5	1	1	0	0	24407742	0	0	24407742	0	0	409	185.129.62.62
5	4	3	0	5	24440300	0	24441753	24289621	0	24288409	2341	66.249.66.182
5	1	1	0	1	24376624	0	24376624	24376624	0	24376624	408	207.46.13.8
5	3	1	0	0	24339032	0	0	24339032	0	0	1694	181.113.154.166
5	1	1	0	1	24416794	0	24416794	24416794	0	24416794	409	207.46.13.105
5	6	6	0	6	24332482	0	24332480	24331714	0	24331714	2450	38.99.82.229
5	1	1	0	1	24330161	0	24330161	24330161	0	24330161	413	64.246.165.190
5	1	1	0	0	24434229	0	0	24434229	0	0	409	193.90.12.89
5	1	1	0	0	24434871	0	0	24434871	0	0	409	193.90.12.88
5	1	1	0	1	24350032	0	24350032	24350032	0	24350032	409	80.227.174.18
5	1	1	0	0	24280763	0	0	24280763	0	0	710	218.241.108.76
5	1	1	0	0	24281271	0	0	24281271	0	0	706	65.19.167.130
5	1	1	0	0	24344759	0	0	24344759	0	0	409	46.166.186.221
5	15	15	0	4	24449604	0	24440371	24289001	0	24424478	6195	66.249.66.159
5	0	0	0	2	0	0	24421879	0	0	24421879	0	91.210.146.165
5	1	1	0	1	24331347	0	24331346	24331347	0	24331346	413	38.99.82.209
5	1	1	0	1	24376308	0	24376308	24376308	0	24376308	413	64.246.165.170
5	25	24	0	9	24442444	0	24442444	24289229	0	24288931	10083	66.249.66.155
5	1	1	0	0	24437464	0	0	24437464	0	0	706	54.216.109.38
5	14	13	0	10	24439397	0	24449604	24288434	0	24421710	6483	66.249.66.151
5	1	1	0	0	24315237	0	0	24315237	0	0	413	199.30.231.2
5	3	1	0	0	24323421	0	0	24323421	0	0	1694	187.85.236.146
5	1	1	0	0	24347973	0	0	24347973	0	0	409	198.12.85.135
5	1	1	0	0	24285586	0	0	24285586	0	0	710	140.224.94.53
5	26	26	0	24	24332586	0	24332586	24287936	0	24287936	10676	38.99.82.191
5	0	0	0	2	0	0	24288590	0	0	24288590	0	38.99.82.200
5	3	1	0	0	24327548	0	0	24327548	0	0	1694	191.17.8.105
5	0	0	0	4	0	0	24405516	0	0	24405516	0	212.34.144.12
5	2	2	0	2	24315627	0	24315627	24315627	0	24315627	1416	139.162.217.16
5	3	1	0	1	24449536	0	24449536	24449536	0	24449536	1694	114.120.233.184
5	1	1	0	2	24378728	0	24396613	24378728	0	24378671	409	66.249.66.42
5	0	0	0	1	0	0	24396765	0	0	24396765	0	157.55.39.81
5	0	0	0	1	0	0	24396614	0	0	24396614	0	66.249.66.39
5	3	3	0	0	24400315	0	0	24378347	0	0	1239	66.249.66.38
5	3	1	0	0	24339308	0	0	24339308	0	0	1694	69.115.64.101
5	1	1	0	1	24395877	0	24395875	24395877	0	24395875	409	66.249.66.36
5	2	2	0	0	24433813	0	0	24330753	0	0	818	93.115.95.205
5	1	1	0	0	24410687	0	0	24410687	0	0	409	93.115.95.201
5	2	2	0	3	24377540	0	24378333	24359539	0	24359539	826	66.249.66.32
5	0	0	0	2	0	0	24412404	0	0	24412404	0	91.210.146.128
5	1	1	0	1	24399694	0	24399694	24399694	0	24399694	409	68.180.229.51
5	1	1	0	0	24279215	0	0	24279215	0	0	409	54.242.91.78
5	1	1	0	0	24424900	0	0	24424900	0	0	409	80.12.94.1
5	1	1	0	0	24281135	0	0	24281135	0	0	706	208.184.112.74
5	1	1	0	0	24445805	0	0	24445805	0	0	706	91.224.58.61
5	1	1	0	1	24420824	0	24420824	24420824	0	24420824	409	157.55.39.56
5	1	1	0	0	24350032	0	0	24350032	0	0	706	104.236.222.79
5	3	3	0	0	24281043	0	0	24281043	0	0	1115	82.235.56.238
5	1	1	0	0	24332140	0	0	24332140	0	0	706	199.91.135.163
5	3	1	0	0	24325802	0	0	24325802	0	0	1694	189.115.212.216
5	1	1	0	0	24326305	0	0	24326305	0	0	409	109.163.234.9
5	1	1	0	5	24278441	0	24279132	24278441	0	24278753	706	91.225.90.107
5	1	1	0	0	24362724	0	0	24362724	0	0	409	195.154.33.129
5	1	1	0	0	24295710	0	0	24295710	0	0	413	23.96.93.2
5	3	1	0	0	24324263	0	0	24324263	0	0	1694	191.142.157.20
5	3	1	0	0	24332140	0	0	24332140	0	0	1694	64.92.148.68
5	1	1	0	0	24445545	0	0	24445545	0	0	413	50.112.3.48
5	1	1	0	1	24370476	0	24370476	24370476	0	24370476	413	157.55.39.40
5	1	1	0	0	24316197	0	0	24316197	0	0	409	144.76.40.112
5	2	2	0	1	24419878	0	24325522	24325522	0	24325522	818	66.249.78.112
5	1	1	0	1	24405338	0	24405338	24405338	0	24405338	409	157.55.39.38
5	0	0	0	6	0	0	24450859	0	0	24450853	0	114.120.233.138
5	1	1	0	2	24438066	0	24438066	24438066	0	24438066	706	85.143.222.162
5	1	1	0	0	24326216	0	0	24326216	0	0	409	212.47.227.72
5	1	1	0	0	24426458	0	0	24426458	0	0	408	157.55.39.34
5	3	1	0	1	24312417	0	24312417	24312417	0	24312417	1995	65.181.124.121
5	1	1	0	0	24421312	0	0	24421312	0	0	409	66.249.78.105
5	1	1	0	1	24447087	0	24447087	24447087	0	24447087	409	157.55.39.28
5	3	3	0	0	24282404	0	0	24279555	0	0	2130	198.186.192.44
5	3	1	0	0	24321701	0	0	24321701	0	0	1694	177.184.58.212
5	1	1	0	0	24282305	0	0	24282305	0	0	409	166.78.181.113
5	0	0	0	1	0	0	24370063	0	0	24370063	0	157.55.39.17
5	1	1	0	0	24417133	0	0	24417133	0	0	413	52.40.7.47
5	9	7	1	56	24450726	24450689	24450812	24450629	24450689	24450629	2770	114.121.232.227
5	1	1	0	0	24450578	0	0	24450578	0	0	409	180.76.15.22
5	3	1	0	0	24317255	0	0	24317255	0	0	1694	151.18.100.96
5	0	0	0	1	0	0	24436891	0	0	24436891	0	104.41.203.153
5	3	3	0	1	24450170	0	24450170	24450170	0	24450170	1238	78.129.250.17
5	0	0	0	2	0	0	24283501	0	0	24283501	0	91.210.145.72
5	1	1	0	0	24384117	0	0	24384117	0	0	706	54.204.220.4
5	1	1	0	0	24326215	0	0	24326215	0	0	409	188.120.231.199
5	1	1	0	0	24407384	0	0	24407384	0	0	409	37.187.129.166
5	0	0	0	1	0	0	24314139	0	0	24314139	0	83.233.72.174
5	2	2	0	1	24396309	0	24396309	24396309	0	24396309	413	13.92.232.45
5	0	0	0	1	0	0	24314133	0	0	24314133	0	83.233.72.172
5	8	8	0	0	24442130	0	0	24282202	0	0	3288	198.101.238.203
5	1	1	0	0	24320270	0	0	24320270	0	0	409	179.234.108.100
5	1	1	0	0	24351558	0	0	24351558	0	0	409	85.25.103.119
5	0	0	0	6	0	0	24284732	0	0	24280875	0	37.229.205.59
5	0	0	0	4	0	0	24392504	0	0	24392096	0	213.111.196.87
5	3	1	0	0	24334943	0	0	24334943	0	0	1694	187.115.243.167
5	1	1	0	1	24390562	0	24390563	24390562	0	24390563	409	179.184.46.56
5	0	0	0	3	0	0	24379665	0	0	24379665	0	94.156.128.112
5	1	1	0	1	24422284	0	24422284	24422284	0	24422284	710	38.100.21.69
5	1	1	0	1	24379094	0	24379094	24379094	0	24379094	710	38.100.21.68
5	0	0	0	5	0	0	24396339	0	0	24314175	0	83.233.72.144
5	1	1	0	1	24336824	0	24336824	24336824	0	24336824	710	38.100.21.66
5	1	1	0	0	24415224	0	0	24415224	0	0	706	150.70.173.10
5	0	0	1	0	0	24450852	0	0	24450852	0	0	36.81.190.251
5	0	0	0	2	0	0	24421312	0	0	24419878	0	66.249.78.98
5	1	1	0	0	24446290	0	0	24446290	0	0	706	86.23.1.13
5	1	1	0	0	24335022	0	0	24335022	0	0	710	45.55.142.48
5	1	1	0	0	24366283	0	0	24366283	0	0	277	37.187.92.25
5	1	1	0	0	24366860	0	0	24366860	0	0	413	86.122.244.157
5	1	1	0	0	24410112	0	0	24410112	0	0	409	92.222.103.234
5	3	1	0	0	24326982	0	0	24326982	0	0	1694	188.37.145.178
5	0	0	0	2	0	0	24289989	0	0	24289989	0	91.210.147.80
5	0	0	0	2	0	0	24365146	0	0	24365146	0	213.111.196.25
5	2	2	0	1	24423776	0	24423416	24421710	0	24423416	826	66.249.78.55
5	3	1	0	0	24332920	0	0	24332920	0	0	1694	191.180.136.209
5	0	0	0	2	0	0	24419972	0	0	24419972	0	213.111.235.130
5	7	7	0	2	24423948	0	24410562	24394197	0	24391708	2891	66.249.78.48
5	1	1	0	1	24438051	0	24438051	24438051	0	24438051	409	105.107.42.67
5	8	8	0	4	24423578	0	24420731	24391708	0	24394197	3304	66.249.78.41
5	1	1	0	1	24320488	0	24320488	24320488	0	24320488	409	82.80.179.154
5	1	1	0	0	24448162	0	0	24448162	0	0	443	52.27.1.21
5	0	0	0	1	0	0	24431027	0	0	24431027	0	104.41.205.252
5	1	1	0	0	24313704	0	0	24313704	0	0	706	54.204.64.132
5	3	1	0	0	24337546	0	0	24337546	0	0	1694	177.132.241.181
5	0	0	0	2	0	0	24420421	0	0	24420421	0	139.162.216.140
5	2	2	0	0	24398073	0	0	24371095	0	0	1412	207.90.2.16
5	0	0	0	8	0	0	24378260	0	0	24378260	0	216.214.37.35
5	1	1	0	0	24326268	0	0	24326268	0	0	409	176.31.180.157
5	1	1	0	1	24281634	0	24281634	24281634	0	24281634	413	206.183.1.74
5	3	1	0	0	24334223	0	0	24334223	0	0	1694	177.159.215.213
5	1	1	0	0	24433820	0	0	24433820	0	0	409	193.111.136.162
5	3	1	0	0	24321909	0	0	24321909	0	0	1694	186.4.183.35
5	2	2	0	0	24276696	0	0	24276696	0	0	1416	38.127.197.68
5	6	2	0	3	24446641	0	24446641	24442378	0	24442378	3388	36.73.170.6
5	1	1	0	0	24437509	0	0	24437509	0	0	706	54.147.118.101
5	1	1	0	0	24439315	0	0	24439315	0	0	413	66.249.69.228
5	3	1	0	0	24342188	0	0	24342188	0	0	1694	189.7.131.143
5	1	1	0	0	24343549	0	0	24343549	0	0	409	80.58.250.89
5	1	1	0	4	24279828	0	24279828	24279828	0	24279828	0	189.45.45.170
5	3	1	0	0	24313968	0	0	24313968	0	0	1694	93.108.129.45
5	1	1	0	0	24427231	0	0	24427231	0	0	706	216.81.71.138
5	1	0	0	1	24450728	0	24450728	24450728	0	24450728	0	180.253.233.91
5	1	1	0	0	24405649	0	0	24405649	0	0	706	216.81.71.137
5	2	2	0	0	24450639	0	0	24450073	0	0	826	66.249.65.42
5	0	0	0	1	0	0	24450331	0	0	24450331	0	66.249.65.39
5	1	1	0	1	24286195	0	24442584	24286195	0	24442584	408	66.249.75.164
5	1	1	0	0	24362020	0	0	24362020	0	0	409	85.214.245.199
5	3	1	0	1	24390426	0	24390426	24390426	0	24390426	1694	114.121.238.110
5	1	1	0	0	24439183	0	0	24439183	0	0	409	212.253.107.162
5	1	1	0	0	24450331	0	0	24450331	0	0	413	66.249.65.36
5	1	1	0	1	24353242	0	24353242	24353242	0	24353242	413	64.246.165.50
5	1	1	0	0	24435052	0	0	24435052	0	0	413	66.249.75.159
5	1	1	0	0	24326248	0	0	24326248	0	0	409	198.50.200.139
5	0	0	0	1	0	0	24388478	0	0	24388478	0	157.55.39.253
5	1	1	0	0	24286174	0	0	24286174	0	0	409	66.249.75.156
5	1	1	0	0	24370071	0	0	24370071	0	0	710	167.114.229.215
5	1	1	0	0	24405648	0	0	24405648	0	0	706	216.81.71.124
5	1	1	0	0	24433653	0	0	24433653	0	0	413	66.249.75.151
5	2	2	0	0	24442584	0	0	24286181	0	0	818	66.249.75.148
5	3	1	0	0	24328781	0	0	24328781	0	0	1694	191.7.205.102
5	1	1	0	0	24402709	0	0	24402709	0	0	409	91.229.229.97
5	3	1	0	0	24314791	0	0	24314791	0	0	1694	201.141.200.52
5	3	1	0	0	24318857	0	0	24318857	0	0	1694	189.7.58.208
5	1	1	0	0	24424639	0	0	24424639	0	0	706	216.81.71.112
5	10	4	0	2	24448976	0	24448976	24448529	0	24448529	3009	140.0.210.184
5	1	1	0	2	24446824	0	24445267	24446824	0	24374110	413	66.249.64.233
5	3	1	0	0	24332933	0	0	24332933	0	0	1694	179.180.37.177
5	1	1	0	0	24418614	0	0	24418614	0	0	706	216.81.71.108
5	4	4	0	4	24449573	0	24449412	24339376	0	24386094	1652	66.249.64.228
5	1	1	0	0	24438496	0	0	24438496	0	0	706	67.215.191.159
5	1	1	0	0	24444310	0	0	24444310	0	0	409	178.175.128.50
5	10	10	0	1	24449413	0	24437868	24374110	0	24437868	4130	66.249.64.223
5	1	1	0	0	24276625	0	0	24276625	0	0	409	199.30.228.142
5	3	1	0	1	24282595	0	24282595	24282595	0	24282595	1694	202.67.40.31
5	8	8	0	0	24449187	0	0	24449187	0	0	5664	178.79.185.235
5	2	2	0	0	24416756	0	0	24416756	0	0	1412	46.148.235.193
5	1	1	0	1	24415223	0	24415223	24415223	0	24415223	409	59.124.71.196
5	1	1	0	1	24445547	0	24445547	24445547	0	24445547	413	64.246.165.10
5	67	33	1	20	24447952	24447776	24447952	24276022	24447776	24276022	38015	222.124.29.225
5	3	1	0	3	24391553	0	24391553	24391553	0	24391553	1694	146.185.28.59
5	2	2	0	0	24446175	0	0	24432053	0	0	1412	67.215.191.143
5	3	1	0	0	24292227	0	0	24292227	0	0	1698	114.125.13.92
5	3	1	0	0	24339254	0	0	24339254	0	0	1694	179.182.191.229
5	1	1	0	0	24433701	0	0	24433701	0	0	409	193.248.153.69
5	2	2	0	0	24443568	0	0	24434830	0	0	1412	67.215.191.135
5	1	1	0	0	24422978	0	0	24422978	0	0	706	216.81.71.87
5	3	1	0	1	24312369	0	24312369	24312369	0	24312369	1694	114.4.77.195
5	1	0	0	0	24290108	0	0	24290108	0	0	171	66.249.64.187
5	1	1	0	0	24352158	0	0	24352158	0	0	413	52.39.59.254
5	1	1	0	0	24332140	0	0	24332140	0	0	706	8.28.16.254
5	2	2	0	0	24320556	0	0	24293220	0	0	822	192.237.216.89
5	0	0	0	2	0	0	24348482	0	0	24348482	0	52.38.224.185
5	1	1	0	0	24449253	0	0	24449253	0	0	706	67.215.191.115
5	2	2	0	2	24426934	0	24426934	24387997	0	24387997	818	1.254.8.2
5	1	1	0	1	24394282	0	24394282	24394282	0	24394282	409	157.55.39.170
5	1	1	0	0	24283129	0	0	24283129	0	0	706	50.16.102.119
5	6	6	0	0	24325431	0	0	24277842	0	0	4260	158.69.228.18
5	0	0	0	2	0	0	24352600	0	0	24352600	0	52.37.19.104
5	1	1	0	1	24437113	0	24437113	24437113	0	24437113	408	157.55.39.160
5	3	1	0	0	24279452	0	0	24279452	0	0	1694	54.224.157.38
5	24	24	0	18	24416171	0	24406920	24280813	0	24285133	9815	66.249.64.154
5	1	1	0	0	24433959	0	0	24433959	0	0	409	93.174.90.30
5	0	0	0	2	0	0	24279973	0	0	24279973	0	178.210.43.99
5	0	0	0	2	0	0	24398292	0	0	24398292	0	157.55.39.152
5	26	26	0	12	24447402	0	24447401	24281771	0	24280813	10633	66.249.64.148
5	3	1	0	0	24329085	0	0	24329085	0	0	1694	189.107.61.69
5	3	1	0	1	24289735	0	24289735	24289735	0	24289735	1694	114.121.239.116
5	1	1	0	0	24372427	0	0	24372427	0	0	706	138.201.20.12
5	22	22	0	11	24436297	0	24418894	24281770	0	24281413	8993	66.249.64.142
5	1	1	0	0	24277811	0	0	24277811	0	0	706	162.244.33.8
5	1	1	0	0	24319503	0	0	24319503	0	0	706	37.230.212.75
5	3	1	0	1	24275985	0	24275985	24275985	0	24275985	1694	39.250.222.124
5	1	1	0	0	24280029	0	0	24280029	0	0	710	222.76.215.26
5	3	1	0	0	24319897	0	0	24319897	0	0	1694	191.7.209.5
5	0	0	0	1	0	0	24397011	0	0	24397011	0	157.55.39.132
5	5	5	0	2	24436557	0	24436556	24436553	0	24436553	2043	68.180.231.30
5	1	1	0	1	24426911	0	24426911	24426911	0	24426911	412	157.55.39.128
5	1	1	0	1	24320943	0	24320943	24320943	0	24320943	409	40.77.167.85
5	3	1	0	0	24333358	0	0	24333358	0	0	1694	187.94.16.39
5	3	1	0	0	24324246	0	0	24324246	0	0	1694	179.185.96.163
5	3	1	0	0	24320045	0	0	24320045	0	0	1694	77.28.50.2
5	0	0	0	2	0	0	24401928	0	0	24401928	0	69.170.216.69
5	1	1	0	0	24345631	0	0	24345631	0	0	409	195.154.56.44
5	1	1	0	1	24396169	0	24396169	24396169	0	24396169	413	157.55.39.115
5	1	1	0	0	24436058	0	0	24436058	0	0	409	77.247.181.163
5	1	1	0	0	24436070	0	0	24436070	0	0	409	77.247.181.162
5	2	2	0	0	24366560	0	0	24365257	0	0	685	40.77.167.68
5	0	0	0	1	0	0	24278977	0	0	24278977	0	114.120.237.234
5	1	1	0	0	24366576	0	0	24366576	0	0	277	40.77.167.67
5	0	0	0	2	0	0	24367039	0	0	24367039	0	40.77.167.66
5	1	1	0	0	24407061	0	0	24407061	0	0	409	40.77.167.64
5	3	1	0	0	24327364	0	0	24327364	0	0	1694	201.79.86.18
5	2	2	0	1	24364159	0	24363652	24363652	0	24363652	818	157.55.39.102
5	3	1	0	1	24377436	0	24377436	24377436	0	24377436	1694	36.73.165.158
5	1	1	0	0	24409119	0	0	24409119	0	0	409	31.131.4.167
5	5	1	0	2	24450764	0	24450807	24275985	0	24277965	1865	64.233.173.223
5	1	1	0	0	24316221	0	0	24316221	0	0	710	52.58.93.172
5	2	2	0	1	24333261	0	24333261	24333261	0	24333261	409	13.92.133.138
5	0	0	0	3	0	0	24285126	0	0	24285126	0	37.115.199.104
5	4	2	0	1	24426370	0	24277491	24275985	0	24277491	2103	64.233.173.219
5	1	0	0	4	24426370	0	24450812	24426370	0	24275985	1114	64.233.173.215
5	3	1	0	1	24441927	0	24441927	24441927	0	24441927	1694	117.102.105.18
5	1	1	0	0	24415012	0	0	24415012	0	0	409	40.77.167.37
5	3	1	0	0	24314622	0	0	24314622	0	0	1694	187.57.178.112
5	6	6	1	2	24361775	24361776	24361776	24361775	24361776	24361775	2045	40.121.137.22
5	3	1	0	3	24290860	0	24290874	24290860	0	24290860	1694	114.121.237.14
5	1	1	0	0	24392837	0	0	24392837	0	0	413	195.154.165.246
5	3	1	0	0	24339783	0	0	24339783	0	0	1694	79.24.155.133
5	1	1	0	1	24381235	0	24381234	24381235	0	24381234	409	40.77.167.24
5	1	1	0	1	24285727	0	24286160	24285727	0	24286160	409	66.249.69.29
5	1	1	0	1	24432022	0	24432021	24432022	0	24432021	409	40.77.167.22
5	2	1	0	0	24278977	0	0	24278977	0	0	580	64.233.173.179
5	1	1	0	0	24332009	0	0	24332009	0	0	409	66.249.64.90
5	1	1	0	1	24286161	0	24285504	24286161	0	24285504	408	66.249.69.21
5	0	0	0	2	0	0	24278977	0	0	24278977	0	64.233.173.175
5	3	1	0	0	24315649	0	0	24315649	0	0	1694	186.236.158.80
5	1	1	0	2	24285443	0	24285447	24285443	0	24285443	413	66.249.75.8
5	1	0	0	0	24278977	0	0	24278977	0	0	1114	64.233.173.171
5	1	1	0	0	24329368	0	0	24329368	0	0	409	66.249.64.80
5	3	1	0	0	24316268	0	0	24316268	0	0	1694	179.185.199.9
5	1	1	0	1	24424677	0	24424677	24424677	0	24424677	409	182.161.214.223
5	2	2	0	8	24279526	0	24279526	24278905	0	24278905	0	82.166.219.211
5	1	1	0	0	24370265	0	0	24370265	0	0	409	109.194.18.194
z	0	27	13	24450764	0
z	3	701	625	24450726	308744
z	4	82	0	24450629	91540
c	200	798	24450764
c	301	4	24450852
c	304	12	24448579
c	403	45	24450649
c	404	378	24450856
c	500	63	24450859
